47
56
40
42
12
18
44
52
1
29
58
24
20
31
49
35
32
2
28
18
48
40
60
32
41
51
39
26
41
5
37
28
19
20
8
17
41
7
41
41
11
13
24
59
35
12
16
41
54
22
35
10
35
26
7
43
40
11
20
30
5
44
23
49
38
28
54
45
26
13
47
33
11
57
38
55
34
2
42
47
57
32
22
42
29
51
6
48
11
26
42
26
15
22
50
7
43
27
24
6
25
55
30
2
22
39
57
33
39
47
4
13
1
17
57
58
21
47
5
31
19
22
25
14
16
22
35
9
7
35
21
41
57
43
29
44
54
31
13
20
5
60
44
59
13
20
56
9
42
33
2
59
52
22
7
20
56
10
58
29
40
54
3
10
9
11
2
50
36
29
23
28
57
21
54
41
15
47
5
40
18
38
27
10
8
41
52
13
3
12
15
14
31
28
46
37
24
34
15
60
53
60
42
29
10
40
22
57
16
42
18
17
16
33
2
48
36
17
7
30
24
38
58
10
50
42
4
42
29
51
25
44
51
34
9
43
5
8
1
45
47
44
43
44
19
10
19
41
26
18
41
4
39
43
22
51
41
31
43
15
55
21
47
12
12
9
18
8
54
55
18
49
51
44
37
20
30
10
50
37
10
15
44
14
52
46
51
21
57
50
49
48
50
48
3
5
23
36
36
27
20
47
47
13
41
35
28
55
6
35
27
55
15
3
46
32
47
44
35
35
5
15
10
31
60
25
40
46
39
28
55
51
17
39
44
52
18
34
10
59
46
31
35
20
55
30
20
5
18
29
18
14
22
32
35
17
46
22
28
58
54
44
52
49
7
21
52
23
37
28
48
40
5
2
60
53
24
14
29
33
47
12
20
1
32
25
16
2
43
38
59
53
1
9
50
38
58
29
58
41
21
59
6
42
50
55
27
30
50
42
24
2
29
47
32
27
30
57
12
2
47
35
49
24
47
14
39
53
46
40
6
21
17
45
40
49
42
23
17
45
22
6
50
37
59
21
32
21
30
45
41
57
10
9
4
21
54
9
47
12
51
35
41
45
44
29
3
47
14
13
58
14
5
49
30
34
54
60
18
47
14
5
16
16
9
22
3
3
30
5
12
60
15
1
12
39
49
1
16
7
17
27
41
8
32
17
44
7
37
16
46
31
3
44
39
4
4
24
52
26
52
26
60
26
46
58
37
6
44
56
39
57
32
9
7
13
5
56
45
49
17
10
36
35
38
31
59
32
52
31
13
16
43
3
53
42
30
42
2
31
12
38
36
16
60
10
5
19
48
25
3
21
51
6
7
45
59
49
3
13
43
27
44
13
59
51
1
21
10
45
38
28
13
51
12
33
13
43
42
7
8
35
6
28
9
35
26
43
25
42
14
6
34
23
9
11
16
43
13
51
58
9
31
43
10
2
13
20
20
14
41
56
10
17
45
18
11
22
11
11
50
13
35
8
4
20
10
39
45
40
41
49
24
54
9
22
13
31
6
58
21
23
16
2
32
43
26
39
49
32
35
23
20
55
27
15
54
27
15
20
10
46
28
39
44
17
34
17
39
5
43
50
52
14
6
56
52
53
27
16
14
37
7
36
20
26
6
28
33
60
4
37
1
41
46
56
10
59
8
51
37
33
28
7
47
13
18
20
49
34
11
25
46
15
40
17
41
5
36
23
37
45
58
2
24
6
31
4
16
41
32
6
24
5
16
11
7
18
39
5
31
2
35
22
37
39
35
52
31
23
5
15
46
16
56
36
36
60
33
27
5
60
17
9
57
22
24
30
3
39
22
43
30
28
5
10
51
53
46
39
48
36
41
49
47
44
17
47
27
57
14
44
32
20
21
10
55
35
48
31
37
10
26
40
46
59
1
20
31
42
60
15
38
11
50
48
27
53
43
38
21
16
50
24
33
18
37
53
52
5
56
43
1
21
22
60
5
55
24
20
14
35
54
13
6
57
48
27
56
8
30
16
51
42
32
6
3
15
20
60
22
6
1
1
57
26
28
31
19
27
6
21
14
1
20
19
38
52
39
9
52
57
56
23
1
59
27
59
26
59
25
37
50
6
29
59
9
15
16
22
53
29
19
26
23
32
17
51
46
43
10
16
41
52
26
60
48
39
53
31
50
53
57
33
33
23
32
59
52
23
54
7
59
18
33
19
32
19
28
18
25
41
5
28
16
55
12
18
2
6
20
23
59
26
14
38
60
58
46
44
60
1
51
1
60
9
57
1
29
29
1
47
45
12
22
21
10
23
38
60