252
233
58
240
117
164
50
89
28
235
92
3
270
45
104
172
155
196
107
87
47
271
31
259
104
180
7
245
230
87
268
195
222
121
216
146
175
130
198
262
1
40
100
210
182
217
20
140
22
27
197
167
170
33
245
41
92
202
70
258
86
208
86
79
180
203
12
279
50
178
252
213
134
102
30
19
103
191
202
4
272
80
150
154
35
81
242
155
112
95
119
52
228
245
229
255
173
237
267
75
258
36
37
21
47
40
54
35
19
216
48
285
224
31
38
91
41
173
285
147
91
80
160
174
22
253
30
13
273
98
193
244
254
163
68
270
5
250
132
81
211
185
9
69
131
25
257
130
204
138
283
10
279
11
231
101
99
168
202
215
247
119
160
209
116
272
22
246
264
193
85
126
154
45
135
284
173
284
278
56
140
68
262
105
218
70
259
238
217
44
209
112
112
96
84
221
260
208
47
21
35
3
81
65
232
85
2
231
256
27
236
56
205
243
64
262
76
45
110
37
211
247
45
224
203
117
267
194
103
164
41
127
58
35
32
36
134
189
26
275
85
251
188
35
209
193
130
283
75
125
263
281
143
123
182
69
172
259
92
258
177
15
183
243
65
273
68
205
168
30
252
169
214
217
135
88
219
226
93
187
260
53
20
154
181
248
119
136
55
255
83
185
21
60
139
197
257
49
233
51
161
225
146
272
197
240
16
39
235
180
159
25
6
261
262
219
90
46
281
252
184
154
160
148
190
56
150
122
173
208
153
180
9
87
259
258
120
202
215
181
102
136
40
77
133
284
277
113
164
261
136
98
273
28
47
128
232
240
194
183
227
276
99
16
77
1
164
179
176
185
50
87
166
173
239
10
187
44
144
185
279
69
116
2
80
179
108
83
94
283
92
119
67
82
61
86
223
53
200
258
227
21
130
84
27
12
98
208
220
175
10
219
129
113
59
142
281
282
192
234
37
92
186
22
197
39
148
143
188
275
257
257
249
264
276
284
191
21
156
79
33
32
277
219
232
155
182
127
163
252
99
167
217
207
266
220
243
184
249
118
137
213
270
247
169
243
45
89
90
151
254
29
173
111
98
224
59
275
95
58
248
259
76
272
122
94
43
13
131
33
190
134
89
46
55
205
72
215
111
17
239
245
73
166
160
256
255
126
100
27
192
195
177
64
207
253
264
181
104
79
266
13
89
180
247
188
194
273
129
169
114
242
9
44
32
63
188
102
47
131
250
234
100
30
112
226
93
225
113
116
239
204
257
257
175
227
78
183
134
67
163
211
258
109
213
161
115
96
88
6
221
54
56
177
176
161
170
205
98
28
43
100
274
93
165
89
24
95
81
176
44
124
281
63
114
173
266
34
251
117
98
85
94
36
263
14
84
26
237
190
233
137
23
185
224
124
268
153
232
276
103
8
211
264
36
13
171
116
94
47
214
245
249
255
77
204
261
87
195
227
108
229
79
4
62
281
125
166
214
164
53
242
182
102
21
10
85
144
244
163
78
136
280
243
205
250
226
206
159
161
79
222
64
29
133
274
237
102
215
203
1
218
266
163
236
106
90
141
150
266
163
162
227
192
204
78
249
154
244
58
163
60
102
253
44
23
15
8
225
200
19
214
2
102
106
177
132
168
233
52
210
145
158
111
167
170
184
88
144
239
10
226
18
217
198
31
42
182
120
278
187
89
39
285
76
99
95
189
241
263
138
79
26
136
180
265
239
9
11
285
93
18
160
75
258
178
170
93
261
264
101
229
90
140
193
217
84
25
79
5
60
75
92
33
267
205
7
60
251
116
139
73
3
34
158
115
271
201
112
36
112
145
189
183
131
48
3
164
142
101
224
128
231
165
122
223
80
2
29
273
12
147
152
4
8
87
145
45
141
85
112
111
172
37
103
222
275
283
179
184
189
85
133
69
67
285
136
176
43
169
140
154
245
113
50
165
269
64
32
178
228
154
10
35
256
242
40
16
108
32
12
164
227
72
110
279
265
266
44
153
169
39
260
163
9
162
235
25
93
222
173
5
177
71
169
200
9
252
232
183
7
212
199
166
141
257
196
251
220
195
12
27
204
211
236
255
272
139
159
115
111
204
275
222
161
90
14
160
22
255
184
144
106
84
226
272
203
52
62
170
62
8
37
128
248
272
206
237
212
112
90
127
50
124
32
241
144
70
129
242
229
51
167
195
145
243
91
48
218
279
181
50
77
7
218
1
53
56
96
80
24
60
156
20
155
36
151
167
105
26
168
186
208
206
231
230
205
98
41
119
149
229
165
142
57
162
86
253
177
33
57
174
142
73
54
113
74
37
50
150
65
176
40
63
102
123
182
269
82
215
56
177
233
141
272
115
172
18
185
24
72
172
273
104
120
6
17
195
24
86
105
199
160
120
170
250
191
146
105
168
197
110
25
83
216
90
202
271
231
121
284
195
123
255
89
58
225
137
259
203
168
222
265
179
113
159
169
222
93
128
279
61
81
240
228
40
102
177
24
89
134
97
133
9
135
156
83
284
200
91
2
269
145
145
33
109
267
126
70
274
101
183
168
2
197
159
41
60
136
140
43
120
99
95
35
114
232
128
247
286
65
233
20
235
244
51
223
16
249
49
37
43
56
141
223
85
11
34
15
132
8
16
175
159
38
108
208
258
78
281
272
75
45
204
48
9
62
251
176
202
132
244
127
249
135
143
277
40
276
27
174
82
109
8
256
250
97
80
197
175
92
130
151
92
260
9
156
34
138
232
11
160
148
118
12
280
170
37
185
66
193
125
115
129
210
270
224
170
282
255
7
180
104
188
90
199
277
94
61
169
182
129
44
162
227
80
72
83
56
72
135
228
115
265
188
155
126
264
225
51
270
212
31
166
75
108
43
274
61
16
71
25
213
175
96
191
44
32
192
199
55
139
47
172
162
103
255
39
103
276
69
38
64
83
154
157
18
22
131
199
182
237
124
45
236
67
144
202
222
66
56
42
245
106
85
5
77
41
103
13
102
49
253
104
120
202
106
211
25
13
278
227
272
278
58
274
100
110
213
183
35
3
25
119
68
207
265
92
199
264
245
149
217
264
1
66
263
45
213
93
6
51
30
210
211
111
11
137
123
138
37
174
180
282
176
111
154
79
113
86
257
216
136
5
120
6
26
245
183
187
131
49
263
266
100
28
11
155
3
76
275
44
220
21
147
232
206
18
214
125
269
66
63
120
156
70
5
227
58
265
229
280
47
182
101
34
208
254
15
199
182
32
35
112
17
167
208
203
114
50
260
119
246
55
22
185
84
106
51
209
127
283
283
220
207
67
252
135
157
189
257
38
251
33
42
6
56
19
198
196
118
149
60
67
13
273
13
72
82
177
194
250
33
267
277
22
162
104
10
24
233
223
19
237
122
246
50
266
151
174
231
184
195
243
79
200
286
247
185
276
128
197
272
209
55
65
56
270
82
132
12
87
158
83
103
192
35
98
231
35
196
112
145
219
65
20
47
42
123
132
222
93
161
51
283
221
203
231
251
207
209
175
8
258
82
83
24
272
243
98
205
17
284
136
157
156
194
108
54
81
181
279
142
61
152
85
252
113
143
189
270
201
138
232
149
131
126
101
95
212
40
52
267
38
284
281
8
87
74
69
108
259
145
1
89
52
134
90
248
65
135
108
139
51
90
27
55
24
212
69
284
145
276
202
90
187
155
275
175
276
117
138
198
280
159
139
213
253
163
152
155
276
53
273
147
63
208
229
286
172
55
84
85
139
231
230
68
7
161
114
251
32
208
226
1
277
267
274
148
90
101
274
236
101
229
263
252
173
112
28
38
275
107
152
249
224
1
26
224
272
27
228
129
269
95
264
109
91
61
194
178
103
98
143
186
94
31
276
8
127
239
47
274
43
246
135
244
123
77
159
183
50
67
47
66
190
59
257
52
164
4
25
277
236
36
251
90
38
10
138
162
110
20
36
279
147
139
225
110
87
17
270
112
251
127
227
151
207
52
35
41
174
70
278
209
241
54
97
152
153
196
180
141
235
13
81
76
190
93
36
189
132
123
103
228
211
57
32
47
249
203
275
55
157
24
269
215
257
182
68
74
176
200
264
97
236
77
155
209
138
174
285
227
261
208
94
248
261
121
153
30
272
176
94
227
155
266
115
119
164
231
34
30
170
226
271
262
1
20
225
255
205
127
234
223
158
33
113
43
102
210
94
63
58
30
205
78
255
143
130
156
219
88
57
196
182
92
93
103
102
280
228
175
236
258
55
218
85
199
210
285
245
3
175
68
135
219
214
255
136
241
143
104
109
275
158
177
149
31
207
150
265
249
146
53
19
200
69
82
248
39
57
52
161
55
159
230
144
47
83
162
118
3
282
156
121
164
243
5
111
38
24
161
212
184
9
241
97
96
25
280
85
16
211
135
171
111
138
224
72
200
166
82
123
259
127
30
257
132
50
254
120
208
3
22
239
191
146
193
139
70
29
237
147
153
256
247
39
148
206
165
213
208
136
230
58
140
242
200
189
78
209
106
40
198
124
255
241
102
188
131
197
91
140
28
107
1
90
153
3
8
273
80
150
203
35
79
248
139
62
59
94
241
74
94
220
94
161
251
144
202
27
142
183
90
165
197
56
252
273
121
227
203
243
21
209
244
88
150
109
75
109
196
168
3
124
5
182
42
15
85
183
139
275
109
164
34
236
70
155
160
47
255
104
86
152
127
251
148
20
179
81
210
46
253
147
74
186
88
265
265
40
99
267
202
212
80
36
218
177
57
286
99
30
81
248
159
159
112
231
262
180
111
253
215
203
43
174
232
283
63
189
270
217
160
278
184
168
93
223
177
77
94
265
209
5
68
73
97
17
31
235
271
201
27
262
231
265
237
9
153
64
195
237
48
85
218
94
67
64
6
10
131
99
121
129
77
89
250
90
195
57
66
83
1
227
248
145
39
251
204
28
225
95
46
152
121
201
54
20
232
110
136
188
174
175
121
255
104
206
16
80
260
190
107
41
279
220
282
227
257
121
74
218
19
59
108
181
187
136
85
168
5
113
138
10
203
31
84
266
273
119
153
58
6
49
195
13
64
255
187
172
129
265
9
34
152
94
189
142
53
65
248
135
8
167
54
49
197
147
221
25
189
222
136
161
71
99
245
58
108
8
140
38
101
57
147
8
11
161
36
164
154
270
222
197
129
54
197
55
276
285
28
260
17
33
123
241
269
235
109
232
221
227
74
96
140
136
91
54
21
274
154
62
165
35
218
96
134
223
9
193
192
247
239
238
215
256
28
265
114
258
19
238
65
63
21
214
7
204
51
126
141
132
260
60
146
52
21
12
196
106
102
250
38
122
23
123
6
15
269
283
48
189
203
21
206
209
223
83
178
270
145
32
152
242
190
218
272
192
157
4
261
171
105
112
42
199
283
56
152
69
111
114
263
39
153
27
254
108
222
83
238
75
101
72
37
200
200
158
12
121
53
72
210
52
11
239
219
221
273
286
121
93
6
133
121
59
70
125
122
97
198
74
61
172
113
2
209
46
17
110
42
8
83
256
40
135
239
228
139
109
122
266
93
281
10
79
124
259
122
162
119
257
267
268
214
159
98
68
23
209
216
189
134
245
156
221
208
23
168
191
109
107
219
239
247
1
112
275
24
138
240
186
32
20
53
34
63
134
181
178
137
213
190
234
80
1
234
278
182
256
107
186
59
208
222
18
238
142
58
78
151
159
254
277
148
156
168
145
31
32
131
198
178
272
247
118
167
133
95
73
251
199
152
168
2
213
207
187
265
79
202
179
227
192
209
247
51
157
88
32
4
211
156
36
78
40
168
59
138
25
22
77
230
75
2
85
249
136
230
171
151
227
27
283
5
268
92
13
129
169
269
263
241
3
229
261
162
98
70
3
19
123
91
186
96
72
25
271
119
60
189
248
85
194
209
104
130
253
20
227
126
227
114
132
66
148
172
146
48
192
119
225
27
27
266
222
87
250
111
241
148
40
281
30
253
42
99
1
226
122
221
191
61
125
286
16
143
53
52
149
227
98
240
24
267
61
174
108
150
282
90
1
27
119
118
29
168
251
281
188
6
75
52
183
219
216
285
13
1
148
266
146
272
206
123
121
277
32
191
168
172
99
271
20
267
18
112
167
236
124
216
231
194
11
23
240
157
36
66
30
42
64
131
161
4
189
212
112
37
81
125
257
18
150
204
27
282
147
160
254
192
270
281
279
197
256
83
249
90
131
57
227
18
22
71
231
57
48
112
189
252
63
73
44
131
270
17
49
245
165
21
220
19
49
17
88
39
76
179
196
13
26
162
212
137
275
28
141
15
266
175
194
77
11
1
149
58
150
125
176
180
30
184
90
168
281
255
182
51
38
1
52
47
120
130
214
126
244
97
271
42
240
99
3
98
67
43
199
52
74
65
172
114
25
134
16
116
146
257
65
242
230
269
198
197
30
197
203
219
79
219
163
69
130
274
209
66
81
74
149
235
46
30
47
29
95
200
59
278
98
92
229
232
59
202
86
6
118
117
105
26
196
234
179
234
215
173
225
36
184
12
231
206
66
121
142
152
20
108
248
4
213
202
51
8
160
251
19
194
281
148
264
17
86
155
264
8
186
218
221
111
176
31
250
34
23
246
135
258
53
260
35
121
139
145
284
105
284
84
131
110
58
233
263
9
245
245
99
282
153
60
8
53
15
182
213
68
217
270
55
234
262
142
117
258
204
119
24
93
160
283
45
56
183
187
26
216
180
205
2
198
174
179
256
65
55
173
155
13
253
226
273
48
224
269
245
285
29
170
157
4
227
210
18
148
260
3
146
18
206
21
74
232
41
56
253
167
56
13
125
7
139
26
59
183
91
9
272
3
189
197
33
167
135
175
14
43
250
252
186
111
59
188
249
254
222
258
54
49
86
27
87
203
243
160
116
162
217
285
90
108
22
169
206
154
37
23
123
185
199
185
100
280
271
15
52
89
276
258
88
205
180
175
117
146
124
199
96
263
21
110
149
69
15
78
13
39
82
283
127
9
128
56
26
249
283
185
59
230
278
39
225
139
237
279
86
220
40
166
165
189
3
259
253
124
36
84
127
194
133
285
54
112
4
282
109
27
272
276
177
111
198
9
131
98
5
140
112
78
191
79
95
277
85
219
32
15
203
50
40
213
125
282
234
202
170
134
277
30
114
219
136
197
90
219
64
54
22
56
182
276
140
151
135
55
14
183
188
254
90
84
187
238
77
63
211
23
216
101
241
40
116
191
202
97
198
184
68
76
49
212
76
73
232
100
279
215
200
225
99
214
85
176
219
275
112
242
226
5
65
17
101
116
231
236
48
158
86
239
262
172
181
178
159
175
122
83
167
12
75
52
210
190
266
89
199
233
236
54
239
129
118
176
187
3
87
210
107
187
138
102
105
223
271
283
35
250
114
31
188
57
264
236
19
64
64
275
118
154
101
273
285
233
100
215
84
7
190
226
161
37
107
283
205
226
86
70
247
139
265
45
141
178
145
121
200
51
150
132
221
271
217
224
215
205
264
170
245
252
251
73
148
74
181
175
192
91
188
90
7
90
139
129
137
260
187
99
282
224
13
140
94
172
57
90
240
14
141
283
34
213
90
110
64
140
123
7
196
214
260
126
38
39
21
44
286
145
89
264
80
153
146
46
93
106
236
167
57
75
232
173
140
257
146
192
31
34
221
89
107
249
90
239
186
124
128
272
24
164
178
254
260
200
249
219
161
231
118
45
224
65
29
165
132
135
275
234
272
233
188
41
208
97
25
118
182
73
72
27
166
96
154
242
262
140
24
49
139
152
54
61
183
183
128
269
163
253
230
225
256
130
84
42
65
113
220
32
79
115
106
123
263
176
2
248
65
41
85
168
51
40
109
271
253
31
60
148
5
228
70
248
38
210
82
174
207
36
130
182
36
63
156
278
249
180
182
107
115
270
13
62
32
236
122
271
140
68
200
64
219
265
148
21
14
80
141
169
5
216
79
132
245
101
71
113
227
47
131
111
26
230
59
201
257
125
209
277
251
270
256
16
269
124
41
135
132
277
227
162
185
16
143
14
34
96
88
36
61
71
272
77
134
233
3
136
171
279
51
131
80
7
170
18
113
278
64
263
267
188
111
229
212
168
75
284
275
64
199
135
123
239
178
9
206
71
78
41
81
133
110
9
232
156
275
94
31
183
273
264
11
169
274
228
63
87
20
26
18
285
3
258
246
5
192
30
58
247
99
110
245
29
46
168
187
55
250
184
88
75
153
24
254
261
150
50
30
236
168
192
66
29
268
139
139
227
137
129
170
118
212
192
129
83
61
14
33
207
156
107
51
94
208
262
59
202
148
248
111
169
219
160
253
185
62
234
86
34
80
94
134
41
20
236
231
82
256
48
88
246
205
31
114
269
64
184
14
222
101
198
186
112
232
204
76
245
25
201
48
263
167
39
172
201
43
71
102
26
36
239
248
63
31
155
264
90
70
78
61
132
226
49
243
229
95
1
60
76
149
111
84
68
88
79
276
129
24
89
40
26
10
169
243
91
7
129
155
226
105
276
264
157
90
111
87
226
171
213
148
100
165
10
135
198
118
236
201
218
104
246
147
150
117
127
63
104
133
40
164
204
198
234
264
131
238
47
51
171
180
50
119
34
61
45
268
213
153
101
55
105
14
85
181
182
105
129
70
78
11
84
76
202
131
132
125
214
7
89
252
267
126
224
259
67
200
82
20
236
99
118
154
134
60
146
115
130
286
255
222
107
228
138
281
44
248
6
241
278
119
141
40
64
92
47
192
269
189
6
97
184
150
245
4
97
122
79
236
63
250
129
58
241
102
21
145
38
116
21
8
168
13
128
170
60
159
80
93
22
218
35
171
129
126
28
259
27
92
231
41
50
273
213
215
36
20
210
211
134
233
256
88
33
239
2
214
82
50
272
63
261
248
107
92
1
158
216
252
188
207
219
135
10
5
184
224
33
204
149
126
207
198
140
182
170
212
24
25
10
220
51
152
52
31
69
3
249
234
273
262
280
143
139
217
111
120
19
4
117
49
70
231
150
251
133
251
255
51
259
175
53
41
193
107
154
251
27
112
233
85
168
202
52
240
181
12
106
224
286
140
250
49
11
225
286
58
40
12
130
109
197
10
63
102
194
97
155
154
45
75
231
44
56
269
116
9
51
7
3
178
254
70
214
153
24
245
162
124
109
163
239
59
234
273
111
116
278
123
177
244
59
27
188
97
57
253
261
92
264
81
72
229
135
32
130
250
173
90
168
254
235
132
250
132
71
14
9
53
83
170
225
188
246
227
9
139
244
195
161
123
18
114
10
205
120
215
108
175
67
30
199
197
197
277
56
32
229
143
224
184
138
191
178
242
219
26
267
235
74
231
41
93
80
265
219
30
4
216
195
139
202
149
137
153
113
109
115
268
35
124
182
217
282
87
48
76
184
197
254
3
238
219
70
26
194
9
273
77
77
177
4
144
12
150
255
174
71
23
274
1
107
252
160
267
155
38
176
266
148
80
121
78
174
54
59
266
127
264
1
178
230
50
199
164
13
224
140
112
110
262
119
205
135
237
135
87
85
133
273
202
263
138
32
207
205
185
186
110
43
107
162
236
221
119
159
240
14
196
172
247
151
73
17
187
228
116
150
70
246
175
116
2
83
65
243
124
207
181
218
176
174
115
247
230
246
261
128
174
28
174
68
233
131
249
14
58
14
13
14
58
189
68
62
205
40
233
189
216
26
144
169
261
46
150
47
274
266
208
48
253
107
5
51
146
38
208
139
49
49
18
178
202
11
22
38
128
269
188
228
174
222
19
123
115
173
36
268
84
209
172
267
64
111
214
42
195
82
59
34
270
59
37
11
142
215
57
215
33
32
208
56
38
245
56
62
83
101
243
117
120
70
273
147
27
66
119
30
138
55
75
124
281
244
149
175
254
148
235
41
37
249
117
229
26
10
123
191
224
238
274
32
74
226
73
62
33
50
177
259
98
18
62
52
277
224
224
126
168
13
263
204
125
161
112
122
236
152
90
170
74
138
202
105
212
155
258
58
256
70
50
242
266
100
193
222
16
161
232
268
145
12
214
160
102
226
205
56
260
159
78
88
228
23
136
150
119
226
223
68
129
30
163
51
172
143
269
241
103
104
249
167
108
36
124
190
53
81
70
169
66
130
112
22
206
33
125
37
219
153
23
192
282
121
57
227
29
248
276
186
7
227
150
32
59
243
278
59
201
148
246
156
64
183
283
32
110
138
100
166
232
109
107
41
230
75
132
142
138
282
221
56
164
134
283
76
186
149
220
284
15
220
200
212
107
262
284
53
229
256
37
16
7
68
157
263
116
229
1
278
198
67
151
38
70
25
32
39
30
265
271
58
218
271
282
272
48
273
192
35
67
216
122
189
114
80
21
270
214
264
24
130
208
52
237
148
238
38
102
181
119
34
141
74
130
68
196
105
153
263
157
114
151
201
91
48
135
254
80
232
17
214
120
34
248
277
278
189
194
13
105
222
168
177
207
45
38
168
129
4
20
111
67
242
131
169
11
261
280
5
160
264
43
4
266
158
274
104
106
64
259
276
241
177
234
39
42
80
251
130
113
123
79
16
93
269
255
113
265
165
191
61
215
254
261
182
160
30
29
68
201
92
159
220
230
18
66
105
268
222
76
69
127
55
273
110
43
90
190
13
198
254
155
19
217
5
225
156
131
43
202
207
38
127
230
195
275
28
80
101
162
98
165
43
23
208
95
91
95
113
225
204
65
114
75
61
49
263
161
78
232
188
64
202
122
101
99
146
16
252
209
55
160
80
105
145
9
152
251
237
266
234
89
195
139
254
85
226
82
263
44
51
164
117
156
138
272
239
236
263
219
265
5
176
32
194
128
63
223
199
78
1
187
22
54
168
199
244
149
198
119
80
131
120
19
208
88
169
23
241
49
2
106
216
152
119
216
67
227
227
16
226
217
71
210
49
263
282
172
208
157
72
138
75
61
133
71
116
214
123
277
32
40
20
80
267
178
61
110
2
6
48
101
136
69
171
166
2
163
95
86
7
186
133
38
87
16
205
115
39
271
72
21
263
129
134
260
275
145
52
182
19
115
240
244
165
180
182
93
279
23
147
200
237
175
199
89
232
144
150
56
118
24
261
23
57
141
257
138
212
59
1
11
172
159
166
20
53
11
96
29
46
275
187
253
195
127
37
260
98
260
141
143
222
102
246
71
76
201
228
10
111
212
283
32
86
267
284
49
58
128
276
246
98
86
189
252
10
225
50
283
42
107
98
129
189
231
87
51
218
283
111
190
101
144
182
6
104
74
5
254
283
247
56
12
65
138
123
133
226
274
245
253
136
140
66
172
209
269
222
148
53
136
252
273
41
102
188
21
136
15
207
280
29
191
261
110
40
89
75
241
236
38
39
172
215
128
204
156
12
99
134
248
188
112
222
62
52
28
192
127
205
111
272
171
212
132
176
94
114
111
54
189
251
160
126
60
78
236
192
238
73
22
177
156
61
175
244
282
60
264
31
145
255
29
286
274
256
1
270
155
106
32
77
140
50
58
56
232
267
133
69
188
213
275
68
160
163
206
23
275
260
119
34
48
240
159
116
139
157
201
117
174
167
86
84
1
58
257
233
222
193
83
200
169
165
2
140
36
2
34
252
277
241
251
149
227
63
148
22
66
205
77
18
27
247
77
92
64
244
183
187
15
34
197
262
122
42
205
112
45
167
105
133
144
89
25
169
26
242
177
29
168
163
7
14
16
157
265
161
176
77
80
164
17
52
136
103
12
40
196
254
61
1
242
20
158
155
132
242
85
224
46
7
9
211
70
186
282
215
189
162
86
264
260
41
148
41
189
135
24
213
10
103
29
103
164
206
62
135
164
266
238
107
282
177
244
106
76
276
210
267
68
262
195
237
246
82
118
77
81
209
24
143
107
41
215
26
29
229
136
238
211
97
226
69
79
78
82
128
21
119
279
188
167
220
16
152
11
74
110
279
50
58
98
89
124
243
3
37
256
103
142
163
216
155
245
211
146
204
62
281
144
94
80
237
246
158
143
144
45
82
254
208
207
201
265
157
151
162
260
282
135
50
97
217
38
147
99
229
202
146
267
188
76
151
27
224
116
51
175
177
201
189
232
28
82
137
99
40
65
242
1
266
182
21
217
72
201
154
145
115
118
274
283
28
216
13
158
114
54
83
192
233
56
150
103
269
65
207
253
247
14
190
252
95
157
78
198
144
55
5
216
286
100
186
145
217
250
35
248
218
283
143
63
209
235
255
263
31
203
203
165
284
9
249
122
215
282
206
105
158
83
88
129
267
57
168
2
251
50
58
41
43
274
6
261
15
252
69
213
125
214
98
259
29
39
122
37
248
56
253
62
245
251
5
169
97
52
48
147
102
245
244
188
5
246
135
269
52
85
145
163
21
30
115
155
62
239
172
86
77
248
248
84
176
15
227
70
64
133
107
96
180
86
184
279
68
35
18
155
159
148
269
42
141
151
73
269
30
209
68
2
39
158
99
125
104
241
84
28
111
229
252
54
97
221
45
29
119
49
83
53
57
103
92
248
6
133
220
124
99
177
45
28
275
133
285
108
277
25
63
6
216
213
55
189
274
253
151
131
72
170
34
62
204
3
218
65
192
22
88
154
15
44
255
251
3
180
193
140
75
211
33
284
283
235
149
154
219
151
23
204
119
172
209
8
110
131
126
142
59
262
259
78
149
146
223
139
215
175
174
249
203
266
252
37
239
201
222
46
247
255
136
129
228
163
63
142
157
105
65
48
249
245
158
164
37
276
29
58
84
235
237
89
129
161
214
27
227
232
55
268
193
140
43
51
210
192
211
264
222
25
20
240
22
156
213
63
59
150
26
159
195
47
215
101
129
160
47
29
181
72
92
282
184
111
163
278
278
173
73
9
233
133
70
276
136
280
81
236
140
176
265
284
55
121
283
248
276
239
194
285
224
198
261
8
133
241
217
240
214
256
275
196
239
64
65
156
193
230
215
200
247
127
28
131
95
99
207
146
227
166
143
6
205
94
188
210
209
241
68
2
235
145
229
174
207
160
110
115
103
70
194
40
139
169
211
147
16
93
109
198
237
139
243
23
95
52
78
251
41
119
216
175
110
15
166
285
209
34
29
256
275
264
286
116
167
150
38
243
132
101
77
159
192
70
107
107
205
166
84
4
137
10
159
96
180
254
136
256
59
50
143
152
258
35
283
207
187
72
105
84
279
87
257
88
231
2
252
136
34
201
105
220
156
131
161
275
221
203
138
222
260
167
97
208
230
37
187
178
109
89
195
247
190
70
188
244
99
51
48
116
117
184
250
34
137
237
149
86
104
134
96
204
60
91
273
141
47
176
51
193
267
209
270
47
278
251
85
156
97
164
267
113
125
240
53
65
149
59
226
87
166
275
280
199
190
60
120
26
208
201
186
254
210
243
21
261
205
8
264
126
83
188
226
117
154
243
69
7
222
100
256
178
52
194
144
133
182
119
134
83
137
217
244
128
229
250
283
144
150
200
213
1
106
45
64
13
226
216
17
14
195
155
211
110
191
265
215
44
71
267
139
208
259
104
232
225
136
60
141
57
37
191
148
163
189
81
224
13
254
172
13
267
25
116
190
110
236
280
191
227
196
139
175
40
18
85
278
74
66
156
125
96
75
144
83
140
177
158
1
98
281
90
176
25
83
168
246
263
214
180
65
105
143
153
183
36
72
176
165
180
197
283
77
15
180
193
16
100
11
123
258
24
250
60
68
61
63
66
131
23
23
18
116
236
41
45
213
55
220
3
166
158
129
137
82
115
154
273
21
212
275
76
165
100
252
260
162
277
76
220
246
42
185
15
273
11
213
45
64
278
102
224
77
259
204
23
248
170
99
237
93
273
173
210
45
222
255
103
153
144
160
22
168
268
157
184
268
87
119
223
60
20
252
59
283
160
129
231
90
159
168
262
98
52
62
234
191
227
281
9
100
273
218
184
243
247
151
55
73
18
18
209
284
62
215
171
62
33
135
38
253
74
140
238
146
149
63
167
209
285
56
279
197
61
80
237
128
202
253
59
205
47
127
157
168
234
36
239
206
69
238
223
275
275
11
79
280
8
62
77
46
54
281
181
2
180
181
207
132
12
111
271
205
93
56
96
42
148
96
153
161
130
107
282
190
107
13
270
210
224
285
169
210
211
243
1
205
92
198
48
66
81
88
71
200
237
176
211
236
31
280
197
152
167
250
75
252
25
101
207
161
283
270
241
35
276
55
253
273
241
280
3
172
221
105
167
64
183
170
205
239
73
181
270
171
99
253
63
103
138
188
130
188
178
160
29
196
99
164
31
197
18
271
155
120
22
13
41
245
260
212
36
87
158
130
84
49
7
257
155
80
263
183
266
136
50
207
64
15
148
234
241
167
38
171
29
212
45
236
106
39
4
66
89
10
25
151
23
20
275
243
119
150
227
13
281
207
38
52
277
181
155
83
6
285
147
86
114
175
189
68
114
12
10
169
158
249
3
124
32
140
122
4
255
103
180
265
275
3
12
248
228
86
82
109
206
253
151
80
94
56
193
225
106
93
186
157
247
11
206
286
248
51
34
134
197
150
115
153
18
53
140
67
66
239
99
210
159
97
226
256
73
241
141
5
138
158
81
59
246
244
9
265
85
9
14
112
232
56
149
110
245
107
234
134
206
2
191
89
123
171
220
24
128
120
7
222
56
174
164
76
164
3
254
87
207
193
95
260
170
83
279
70
86
219
189
66
67
213
25
139
138
193
21
244
157
123
203
8
175
226
265
137
230
209
126
148
197
200
102
279
76
36
184
235
221
41
17
183
84
25
169
171
236
133
271
192
137
258
267
217
37
184
166
107
133
103
63
4
181
268
4
90
168
270
190
189
30
163
249
76
240
114
59
79
48
220
110
198
114
193
249
98
153
33
93
188
178
247
214
15
107
154
285
208
274
281
93
191
122
253
75
174
62
11
5
76
112
43
151
10
205
122
206
42
267
100
42
136
205
240
155
238
247
36
273
223
79
44
228
233
191
243
109
36
215
49
150
126
40
11
271
245
48
277
232
50
231
180
58
36
8
76
5
97
150
206
83
244
82
114
209
71
253
68
233
18
183
187
62
51
59
276
272
65
160
228
39
43
125
3
205
11
75
257
152
13
126
82
263
183
18
273
5
83
228
173
189
131
198
119
213
141
25
117
146
27
115
247
274
167
62
169
129
28
277
126
59
247
167
241
59
285
278
279
165
85
239
278
280
188
137
239
42
1
78
27
261
27
84
147
118
122
21
21
114
153
125
226
126
31
221
91
155
242
136
194
122
232
130
13
155
163
128
156
155
159
271
42
139
32
1
212
145
257
59
97
286
221
208
275
4
45
132
90
206
119
209
260
271
156
19
286
276
172
47
228
266
6
50
75
143
160
195
97
244
18
119
228
237
279
182
198
225
217
258
20
99
274
268
258
250
269
109
263
183
264
167
18
186
125
239
130
40
84
264
228
88
29
211
103
284
21
41
264
276
222
56
220
213
57
219
41
151
119
150
32
188
230
265
138
91
99
104
286
173
98
247
217
154
156
229
260
180
179
175
35
269
240
116
102
93
248
105
241
121
2
166
50
57
216
12
184
66
250
138
267
153
224
30
77
117
45
255
95
2
28
71
167
74
165
213
47
14
143
16
158
187
16
189
76
143
264
21
229
77
82
273
81
218
3
47
150
284
126
185
52
163
231
48
221
76
232
184
234
18
265
23
207
222
80
281
71
220
241
265
283
126
178
81
7
203
270
202
207
167
140
30
158
70
75
238
256
213
73
127
223
24
115
216
100
259
148
142
165
243
228
206
286
141
98
166
259
208
143
252
146
84
236
266
52
247
214
27
109
196
180
16
52
86
119
74
176
152
270
270
163
187
205
117
273
177
146
90
234
113
283
142
280
30
269
268
205
225
197
27
61
35
259
273
92
91
238
156
114
252
151
255
140
172
82
283
61
62
183
183
202
126
160
119
207
7
60
235
81
97
125
242
122
14
244
215
153
206
137
252
248
140
14
187
124
119
51
166
128
157
96
143
146
76
113
251
106
131
213
78
254
183
121
263
30
80
17
191
285
23
24
181
258
24
274
17
132
102
280
234
4
17
150
202
83
216
138
248
162
243
235
240
101
13
172
169
154
252
215
261
60
256
84
68
232
266
251
247
18
158
168
152
164
114
136
56
279
220
189
110
64
112
234
6
217
260
69
272
236
171
273
244
175
185
173
50
219
284
128
223
77
83
3
243
137
58
229
148
207
13
76
3
160
260
125
37
142
151
277
170
97
251
140
91
151
220
29
193
40
214
49
217
141
260
29
86
276
254
241
140
80
264
113
63
51
98
273
246
191
13
91
42
100
71
140
33
107
14
285
154
89
195
115
98
90
166
80
200
182
131
165
200
252
43
31
133
114
245
285
272
234
10
106
44
244
28
240
14
141
134
255
34
146
75
80
26
115
129
21
237
235
79
252
60
50
280
63
114
77
222
253
3
191
111
183
103
64
123
108
147
282
200
82
25
51
197
153
278
33
126
162
78
120
15
152
154
239
33
264
123
242
212
94
105
92
50
135
154
174
199
223
41
27
77
270
54
162
269
229
157
187
148
142
140
29
42
278
193
89
104
259
18
122
1
132
285
123
42
85
148
54
77
119
201
224
18
246
219
54
206
81
250
76
281
145
124
80
72
97
254
264
40
167
114
233
253
78
45
117
115
165
84
35
12
185
259
109
113
7
151
285
124
34
39
185
272
138
188
232
179
258
150
158
210
38
95
203
160
148
193
280
63
102
224
111
94
261
36
60
119
116
126
28
179
204
245
208
269
27
92
130
76
220
52
115
112
184
89
16
128
253
31
156
159
283
220
58
33
236
61
250
263
39
243
121
109
227
135
184
9
199
104
17
93
5
270
243
211
68
46
233
166
27
184
100
60
24
227
6
224
77
201
156
242
183
84
240
9
24
76
276
130
111
177
170
182
272
28
61
250
192
106
57
264
2
199
281
210
1
51
172
281
131
72
49
44
105
58
270
89
58
122
265
258
220
260
208
176
115
214
190
63
49
156
40
181
64
255
78
238
234
169
72
19
249
102
193
140
103
11
251
281
23
35
278
168
243
204
46
144
224
278
23
270
185
191
70
183
251
40
282
181
88
61
146
182
10
240
203
47
97
21
195
190
58
211
269
104
222
64
63
253
155
88
95
22
150
162
174
75
102
49
5
214
154
136
192
69
83
9
160
47
123
172
210
51
158
229
104
106
43
70
73
275
62
190
283
4
280
118
198
22
123
40
186
106
16
92
83
282
47
234
173
83
102
172
61
144
82
232
35
274
18
24
161
122
272
25
241
24
270
53
106
243
190
235
44
135
218
152
63
252
201
201
219
240
36
235
284
114
93
4
62
128
120
10
61
147
145
37
32
253
121
59
50
99
280
171
277
48
192
34
264
255
156
207
282
246
228
239
37
22
81
204
91
175
141
85
238
51
232
254
249
32
158
59
58
136
219
178
41
150
60
7
30
223
82
278
156
232
79
8
23
119
76
31
153
33
191
141
129
191
228
260
285
166
75
117
249
206
111
262
101
199
283
39
218
92
57
6
116
213
145
5
181
244
165
258
264
110
183
223
37
199
12
47
13
48
15
224
195
235
284
117
163
252
151
132
49
135
93
87
130
140
253
69
169
138
245
188
190
100
147
215
116
280
207
282
238
114
154
240
214
119
209
282
247
192
125
268
151
4
56
8
266
184
277
279
231
195
66
14
230
210
234
83
226
168
204
132
209
180
5
284
256
92
172
20
243
37
158
187
61
190
148
66
234
40
129
60
189
177
282
234
117
63
208
42
122
285
204
214
87
93
117
277
102
83
128
274
115
254
146
21
61
135
225
9
199
236
152
206
282
7
224
22
281
243
134
192
143
270
246
10
49
251
156
74
281
115
88
216
38
11
174
179
37
87
250
276
3
151
149
18
44
69
47
223
45
234
43
17
239
226
36
151
92
211
203
203
46
122
237
203
175
38
182
232
171
24
222
244
168
189
1
53
246
243
103
153
51
81
75
128
184
87
206
258
217
83
215
57
126
168
244
54
50
89
119
127
239
161
179
229
21
23
56
85
112
197
267
100
9
285
283
219
177
215
239
6
246
286
163
129
129
252
98
41
133
102
27
111
176
94
160
135
178
246
143
64
40
164
73
235
239
122
275
57
212
24
190
238
248
123
135
215
275
157
178
79
237
196
221
250
63
243
40
214
22
169
170
232
45
143
256
29
98
248
285
286
212
84
251
108
53
105
120
42
221
14
191
136
35
181
162
143
55
156
176
68
69
7
214
281
76
251
43
236
45
61
235
150
279
3
152
6
131
36
271
61
240
3
80
215
259
125
34
110
16
1
43
186
6
31
207
279
260
60
138
136
262
247
54
16
47
115
253
109
275
56
197
108
68
41
265
167
207
67
118
80
164
17
137
141
142
9
124
56
267
245
231
191
39
22
186
197
35
272
103
261
3
130
268
207
188
268
217
286
284
100
154
74
43
160
283
91
93
124
214
100
270
86
259
34
263
240
101
237
164
111
162
200
76
103
83
167
143
237
86
143
4
261
168
26
219
269
117
144
60
105
169
169
146
237
37
58
26
73
185
139
100
113
155
199
70
18
104
2
129
276
160
62
197
245
47
179
270
168
31
88
175
273
268
41
140
256
134
1
252
57
150
73
171
146
204
264
38
258
223
124
237
239
73
64
50
73
71
56
286
229
150
49
220
54
33
75
220
119
98
62
98
189
238
162
81
92
134
194
257
237
6
223
51
49
208
219
165
231
92
280
79
123
239
162
26
228
63
255
135
37
1
260
188
286
257
112
102
18
122
100
259
131
143
153
150
165
27
27
24
229
134
215
109
141
7
11
102
56
196
72
69
130
268
231
220
11
269
249
121
278
272
6
142
172
110
264
41
165
167
279
179
54
73
88
33
159
251
116
284
258
22
267
107
81
217
141
170
15
216
39
70
160
167
168
256
240
4
37
141
221
125
23
195
135
68
245
251
176
185
168
104
204
12
216
136
57
269
237
2
249
81
73
63
174
166
216
103
82
78
42
138
182
158
60
71
38
87
55
16
20
188
183
146
113
31
282
197
47
216
247
20
96
180
64
62
91
169
205
254
148
248
130
190
174
85
71
271
98
151
143
244
265
273
276
174
21
156
194
205
138
216
169
133
190
41
92
73
53
286
124
24
100
87
89
75
214
163
210
12
42
279
276
141
169
24
95
232
208
146
33
82
190
277
215
168
41
285
143
259
207
252
203
209
203
14
46
75
201
226
118
109
144
22
232
238
257
162
97
121
44
59
56
10
277
164
4
252
87
189
179
133
282
41
262
68
11
207
205
279
211
189
100
43
285
275
152
148
240
128
235
130
256
139
56
206
244
30
78
269
212
49
117
85
138
91
242
123
57
79
36
256
157
258
184
285
45
163
202
247
242
36
203
152
103
215
128
126
232
143
187
78
192
100
27
206
35
49
30
166
194
133
32
55
72
103
211
247
43
139
47
15
157
174
147
128
140
63
61
281
174
114
148
230
100
186
46
52
4
202
260
134
100
247
56
191
64
93
21
24
153
144
147
192
202
173
284
248
9
260
149
211
42
284
10
211
190
165
116
133
70
104
276
117
202
187
233
38
275
116
199
210
226
217
17
232
205
187
206
36
130
129
124
252
53
148
204
2
151
119
70
273
159
175
108
249
137
217
264
154
70
176
204
170
18
52
62
34
158
170
85
163
40
272
63
248
153
85
73
163
188
3
99
258
218
8
185
255
225
18
10
251
36
139
80
175
191
57
215
8
130
12
284
255
23
124
146
83
157
109
204
269
155
246
281
275
214
166
2
149
254
106
269
55
273
200
77
217
140
239
45
227
257
79
75
119
216
87
229
59
100
166
89
52
90
165
250
210
83
249
227
65
208
111
224
222
61
37
82
193
60
93
99
163
96
22
89
1
164
125
280
281
70
77
92
91
163
16
207
142
98
128
176
120
7
242
162
286
258
12
209
241
32
217
26
243
11
108
66
262
113
5
239
159
240
281
18
202
200
68
277
14
160
140
168
94
102
208
199
181
161
172
274
111
182
53
261
58
187
242
167
185
145
166
55
153
260
145
76
189
68
203
48
50
285
203
182
31
265
35
200
18
127
184
90
37
88
103
208
63
170
130
111
216
156
116
84
202
81
126
74
245
165
189
211
64
24
240
48
97
285
220
2
109
108
233
216
78
109
111
160
210
41
275
160
157
174
36
41
100
182
10
172
255
237
161
85
136
258
256
71
211
125
111
211
130
219
237
98
250
116
281
88
129
112
39
286
273
271
159
234
105
251
153
65
237
16
161
133
174
87
247
41
10
75
107
58
201
20
264
206
48
222
207
102
224
109
129
115
14
224
282
218
152
235
99
261
109
87
284
183
275
128
190
271
24
28
38
105
164
242
165
176
150
92
118
56
134
167
154
255
219
164
251
20
121
53
38
236
148
76
275
159
93
284
16
8
38
85
131
75
138
88
10
27
154
105
155
154
75
135
81
63
124
71
96
153
25
73
275
147
237
193
71
216
266
129
209
4
235
60
80
115
45
113
140
175
10
148
82
178
165
74
236
45
145
119
28
134
272
179
153
232
156
115
267
179
17
31
230
136
54
122
192
49
184
73
220
88
19
198
251
124
200
78
220
163
47
227
94
100
236
184
24
229
275
43
193
165
240
194
147
66
176
159
269
273
167
32
205
13
218
172
104
73
174
59
16
118
12
21
48
284
136
55
255
138
27
190
215
166
162
57
199
210
126
27
200
115
71
111
191
14
278
16
30
165
244
78
161
79
195
107
235
143
105
31
62
225
36
162
240
254
5
18
184
28
190
1
201
235
195
136
148
285
151
237
178
134
64
13
214
2
93
258
255
207
196
56
2
78
276
271
180
216
168
179
168
53
260
76
78
61
150
156
5
73
60
238
88
154
23
233
153
216
9
222
152
226
206
123
123
97
133
192
41
39
77
218
282
55
24
214
14
173
168
68
273
276
257
182
85
63
148
265
76
147
82
19
217
212
277
101
214
187
137
161
252
112
59
262
127
42
145
164
93
106
255
210
199
71
145
208
95
272
89
90
15
59
171
64
164
112
160
114
96
164
79
3
258
216
165
175
100
157
3
26
277
27
242
81
160
156
250
51
178
159
272
256
41
167
38
85
220
149
138
173
97
102
5
35
39
89
198
220
214
176
282
166
65
278
235
65
213
208
199
123
100
109
9
15
91
89
117
243
11
182
276
248
233
273
95
23
195
83
151
279
163
190
178
286
245
63
203
231
63
201
184
30
281
94
233
231
213
92
275
137
133
279
40
160
114
19
172
239
137
159
63
146
62
204
110
147
209
226
30
227
128
50
244
26
1
90
19
139
105
191
164
164
51
261
280
88
9
93
28
42
11
4
226
112
162
242
97
237
114
113
96
222
137
110
22
261
212
226
217
13
59
248
89
206
219
35
198
169
147
114
208
9
129
173
161
81
87
92
245
219
244
258
168
84
278
199
181
69
85
108
35
11
119
163
209
184
133
138
109
216
194
127
271
270
276
176
2
160
272
154
286
264
36
69
243
23
209
40
28
137
161
258
126
197
87
209
42
169
266
61
186
246
18
162
58
173
205
44
260
16
270
119
45
163
154
14
173
33
268
143
48
1
147
56
104
173
39
171
135
212
269
281
43
193
165
4
17
159
239
139
60
268
234
273
154
128
237
188
271
4
13
211
64
208
199
145
95
269
243
161
180
262
164
250
234
45
198
268
99
30
103
153
141
68
158
9
169
279
141
137
261
158
35
278
111
76
210
145
249
181
273
62
122
115
51
112
16
149
190
178
17
4
11
22
77
265
243
78
67
24
106
23
6
125
227
21
174
129
188
76
259
126
244
69
174
72
215
109
75
128
165
212
117
125
247
173
68
41
21
37
35
276
69
241
254
214
138
161
128
285
253
73
1
1
248
2
204
146
268
160
46
196
69
232
181
117
114
128
173
39
154
56
215
8
203
130
137
123
140
199
118
63
24
69
55
188
204
165
166
225
37
42
134
172
285
106
159
123
168
42
94
247
213
23
22
201
115
73
17
11
53
149
252
155
125
117
96
117
201
191
75
58
74
46
278
237
93
3
124
203
168
37
126
14
38
260
99
103
126
22
243
106
279
247
45
177
72
221
215
83
63
111
137
26
34
275
271
94
101
267
145
227
116
269
39
106
74
258
62
257
200
209
109
84
140
71
63
44
130
96
156
20
18
3
178
273
6
164
40
131
247
51
29
268
143
189
219
226
89
47
244
54
81
130
131
19
142
35
105
49
55
152
72
74
279
257
116
27
38
209
251
207
143
95
166
121
141
96
60
103
79
101
231
140
172
174
42
68
70
215
116
96
259
224
268
95
259
207
32
58
21
152
264
43
37
133
5
37
149
197
32
113
188
30
151
267
89
38
245
45
211
80
284
100
168
37
167
134
281
257
218
63
232
197
284
266
198
55
234
163
249
206
11
155
48
192
